676
943
1905
2260
2293
2542
2900
3596
3711
3888
4034
4149
4492
5144
5466
5637
5839
6168
6186
6315
6765
6913
7484
7680
7718
8212
8972
9035
9170
9661
9714
9836
9977
10127
10255
10280
10475
10556
10608
10666
11266
11451
11594
12245
12379
12572
12827
13287
13379
13491
13832
13832
14389
14976
15118
15297
15499
15601
15965
16075
16239
16498
16570
16797
16961
17101
17166
17247
17504
17613
17630
17704
17749
17963
18017
18089
18455
18603
19741
20026
20510
20838
21356
21361
21550
21558
21585
21592
22266
22741
22742
23112
23388
23578
24208
25639
27220
27490
27605
27976
28544
28785
29432
29557
29735
29890
30028
30091
30636
30822
31014
31079
31112
31236
31395
31476
31588
31612
32029
32404
33121
33233
33338
33363
34068
34499
34754
35315
35389
35615
35769
35890
35908
36296
36355
37086
37444
37602
37676
37993
38711
38724
38833
39188
39547
40012
40381
40757
41022
41249
41351
41619
41919
42109
42120
43247
44097
44192
44212
44608
44984
45317
45350
45407
46324
46712
47823
47969
48152
48357
48493
48505
49325
49465
49756
50010
50161
50221
50222
50267
50277
50483
50601
51017
51309
52065
52556
52668
52929
53087
53113
53434
53503
53763
53852
53871
53930
54155
54175
54644
54807
54843
55097
55267
55518
55750
55988
56160
56255
56801
56873
56915
57099
57320
57417
57945
58210
58217
58447
58527
58968
59507
59817
60272
60403
60489
61096
61117
61293
62441
62752
62879
63121
63757
63998
64197
64403
64643
64951
65081
65131
65180
65415
