34
56
75
92
135
141
145
150
151
185
274
310
331
340
390
391
406
458
467
503
597
626
634
676
690
727
792
828
839
867
878
899
911
916
943
973
975
995
1125
1142
1166
1225
1236
1244
1282
1294
1303
1389
1404
1444
1462
1500
1504
1504
1547
1555
1575
1579
1596
1656
1749
1776
1790
1817
1853
1905
1910
1925
1958
1988
2033
2098
2182
2247
2260
2293
2312
2318
2382
2417
2430
2459
2541
2542
2566
2718
2767
2777
2890
2900
2900
2969
3021
3097
3113
3144
3210
3211
3211
3269
3283
3316
3388
3470
3525
3532
3545
3596
3661
3662
3667
3711
3771
3785
3786
3802
3822
3826
3887
3888
3911
3922
3925
3962
3976
4017
4034
4044
4130
4149
4179
4186
4217
4267
4274
4345
4377
4490
4492
4514
4551
4591
4648
4672
4735
4776
4831
4849
4856
4926
4928
4969
5002
5050
5065
5091
5144
5151
5317
5329
5338
5408
5451
5466
5486
5516
5575
5637
5649
5667
5672
5697
5741
5754
5762
5790
5791
5820
5839
5922
5978
6093
6168
6178
6186
6199
6251
6290
6295
6315
6339
6343
6350
6358
6362
6423
6484
6511
6550
6584
6653
6654
6708
6765
6775
6819
6853
6911
6913
6949
6964
6974
7028
7034
7056
7081
7082
7096
7187
7241
7242
7268
7280
7328
7347
7447
7484
7498
7506
7530
7577
7583
7592
7611
7614
7624
7643
7654
7680
7690
7718
7725
7819
7830
7898
7900
7914
7998
8003
8006
8040
8097
8099
8155
8160
8165
8212
8282
8331
8357
8418
8531
8619
8664
8684
8789
8806
8877
8956
8972
8981
9035
9072
9092
9167
9170
9177
9211
9250
9320
9335
9342
9384
9387
9401
9421
9453
9476
9521
9545
9580
9581
9597
9613
9661
9699
9706
9714
9714
9733
9739
9745
9745
9749
9836
9859
9914
9977
9999
10043
10054
10056
10094
10127
10248
10255
10268
10280
10364
10369
10475
10544
10556
10576
10597
10608
10657
10666
10677
10688
10732
10824
10854
10895
10898
10930
10934
10941
10941
10952
10963
11010
11044
11049
11076
11082
11085
11143
11144
11154
11199
11237
11266
11267
11275
11281
11299
11309
11320
11345
11365
11395
11430
11451
11463
11467
11528
11529
11544
11556
11570
11579
11594
11608
11646
11667
11734
11766
11786
11799
11833
11834
11872
11907
11929
11954
11987
12027
12094
12108
12120
12153
12160
12160
12224
12245
12298
12334
12342
12360
12379
12406
12426
12432
12478
12515
12572
12586
12610
12730
12734
12776
12776
12827
12868
12952
12955
12983
13064
13067
13069
13074
13119
13169
13238
13248
13272
13281
13284
13287
13331
13339
13379
13431
13456
13479
13482
13491
13499
13502
13506
13536
13640
13694
13757
13826
13832
13832
13862
13889
13911
13914
13952
13966
13996
14164
14218
14224
14269
14291
14324
14352
14374
14375
14389
14495
14532
14588
14611
14612
14613
14617
14644
14644
14648
14675
14696
14703
14726
14839
14862
14968
14976
14997
15028
15067
15070
15073
15109
15118
15129
15169
15173
15182
15242
15278
15297
15453
15462
15499
15518
15561
15601
15645
15671
15705
15767
15815
15849
15875
15894
15911
15916
15965
15977
15984
15984
15991
16075
16076
16125
16132
16163
16196
16239
16305
16434
16451
16469
16498
16511
16553
16570
16583
16661
16695
16702
16769
16772
16797
16854
16941
16961
17012
17088
17101
17116
17133
17166
17213
17220
17233
17247
17257
17339
17341
17452
17504
17540
17613
17630
17657
17658
17677
17680
17704
17727
17743
17749
17751
17773
17794
17861
17899
17963
17983
18017
18032
18066
18067
18076
18089
18089
18114
18124
18131
18139
18186
18191
18290
18301
18322
18337
18368
18405
18416
18435
18439
18441
18442
18445
18447
18455
18530
18587
18603
18645
18712
18715
18717
18729
18763
18774
18779
18803
18848
18962
18979
19017
19079
19080
19129
19135
19193
19194
19198
19204
19217
19343
19352
19354
19358
19399
19440
19443
19471
19479
19481
19534
19576
19592
19604
19622
19647
19657
19688
19741
19766
19780
19802
19812
19878
19889
19890
19894
19942
19947
19969
19998
20026
20110
20131
20165
20197
20211
20211
20221
20230
20260
20267
20308
20376
20384
20429
20474
20510
20526
20554
20629
20727
20771
20795
20796
20808
20838
20878
20899
20987
20996
21032
21162
21266
21266
21328
21356
21361
21396
21399
21399
21409
21449
21493
21550
21558
21566
21585
21592
21721
21738
21766
21808
21903
21930
21944
21977
21992
22006
22036
22089
22095
22105
22144
22176
22224
22225
22243
22266
22276
22336
22418
22459
22464
22531
22537
22564
22564
22583
22638
22663
22669
22674
22699
22741
22742
22748
22752
22788
22851
22856
22927
22986
23006
23046
23083
23087
23112
23112
23134
23163
23216
23250
23278
23336
23347
23367
23388
23435
23435
23485
23507
23535
23537
23545
23553
23564
23564
23578
23612
23618
23825
23946
23948
24026
24040
24060
24066
24097
24104
24127
24135
24162
24182
24182
24208
24229
24253
24289
24301
24318
24330
24336
24357
24379
24398
24406
24435
24462
24484
24487
24520
24547
24557
24610
24620
24644
24645
24681
24721
24733
24808
24858
24962
25008
25036
25049
25054
25119
25195
25206
25350
25377
25384
25427
25427
25546
25638
25639
25654
25679
25682
25686
25688
25717
25760
25768
25779
25809
25822
25846
25868
25967
26034
26034
26054
26137
26148
26185
26234
26236
26244
26250
26307
26323
26325
26357
26363
26368
26402
26431
26432
26442
26514
26541
26630
26639
26647
26670
26703
26728
26942
27027
27054
27089
27118
27185
27198
27213
27220
27270
27281
27389
27390
27490
27529
27563
27605
27696
27699
27735
27809
27826
27831
27848
27976
27988
28046
28053
28077
28100
28112
28128
28156
28188
28215
28248
28271
28411
28435
28480
28511
28544
28590
28635
28648
28682
28690
28725
28736
28785
28805
28828
28835
28883
28930
28932
28934
28954
28979
28995
29006
29097
29102
29107
29159
29165
29191
29252
29289
29352
29357
29367
29375
29386
29386
29432
29440
29460
29497
29505
29513
29538
29557
29627
29643
29644
29649
29688
29719
29735
29773
29830
29890
29964
29967
30002
30023
30028
30038
30091
30134
30202
30230
30242
30258
30327
30358
30448
30462
30484
30614
30615
30619
30636
30675
30678
30691
30728
30767
30822
30838
30875
30889
30940
30941
30973
30978
31014
31016
31026
31029
31053
31070
31078
31079
31085
31104
31110
31112
31129
31151
31178
31200
31201
31236
31252
31298
31331
31335
31359
31374
31380
31383
31388
31395
31427
31444
31453
31457
31457
31472
31476
31545
31553
31588
31612
31698
31702
31733
31748
31832
31849
31862
31901
31908
31929
31940
31955
31984
31985
32029
32035
32060
32066
32069
32074
32124
32134
32192
32234
32247
32253
32254
32271
32286
32322
32341
32368
32401
32404
32405
32450
32489
32513
32530
32553
32570
32603
32631
32641
32644
32646
32718
32834
32863
32945
32981
32984
33023
33024
33069
33076
33077
33121
33149
33174
33182
33206
33233
33237
33296
33308
33338
33351
33363
33393
33455
33497
33515
33595
33635
33671
33705
33762
33854
33864
33870
33914
33917
33946
33954
33987
34021
34035
34066
34068
34068
34082
34113
34145
34174
34227
34270
34270
34295
34317
34333
34415
34430
34449
34462
34471
34484
34499
34584
34607
34636
34644
34662
34670
34702
34754
34759
34764
34834
34841
34889
34889
34889
34958
34961
34962
34993
35006
35021
35030
35035
35064
35189
35207
35286
35315
35389
35394
35529
35538
35615
35632
35689
35717
35760
35769
35825
35872
35874
35881
35886
35890
35892
35899
35908
35956
36017
36046
36121
36166
36242
36296
36306
36355
36422
36450
36451
36484
36521
36596
36758
36797
36802
36806
36866
36916
36937
36952
36952
36971
37032
37077
37086
37120
37177
37204
37220
37257
37282
37344
37392
37444
37448
37485
37602
37676
37707
37742
37809
37821
37917
37975
37993
38008
38013
38023
38054
38111
38122
38124
38130
38194
38198
38206
38224
38273
38359
38384
38393
38403
38406
38414
38418
38497
38515
38618
38626
38696
38711
38724
38780
38811
38817
38833
38834
38843
38893
38908
39088
39188
39200
39215
39228
39263
39323
39372
39402
39480
39493
39532
39547
39687
39726
39727
39790
39808
39845
39866
39879
39914
40004
40012
40016
40023
40122
40151
40162
40263
40266
40364
40374
40381
40437
40480
40533
40569
40591
40611
40638
40721
40757
40806
40861
40887
40889
40932
40944
41022
41025
41031
41076
41079
41086
41115
41119
41125
41190
41235
41249
41265
41348
41351
41409
41423
41445
41459
41521
41529
41557
41606
41619
41718
41739
41791
41833
41871
41903
41919
41962
41978
42015
42068
42109
42120
42131
42281
42309
42319
42337
42444
42485
42494
42538
42586
42630
42702
42705
42728
42788
42829
42863
42863
42867
42889
42913
42919
42973
42999
43109
43139
43166
43214
43243
43247
43307
43358
43385
43605
43628
43628
43657
43695
43699
43780
43811
43837
43837
43847
43908
43909
43910
43917
43980
43989
44029
44097
44176
44192
44212
44221
44229
44241
44262
44389
44425
44451
44596
44608
44625
44721
44733
44744
44769
44798
44799
44808
44818
44847
44910
44984
45001
45005
45060
45074
45120
45123
45125
45140
45155
45184
45251
45265
45317
45317
45350
45407
45417
45454
45487
45534
45662
45687
45702
45712
45757
45784
45804
45810
45820
45885
45922
45934
45956
45956
45957
45974
45988
46025
46079
46089
46288
46311
46324
46334
46340
46354
46495
46514
46540
46547
46625
46684
46691
46712
46728
46750
46758
46801
46816
46862
46950
46956
46967
47013
47025
47079
47132
47147
47170
47276
47307
47376
47385
47386
47418
47470
47534
47539
47579
47621
47623
47691
47757
47823
47843
47854
47891
47915
47939
47955
47969
48105
48117
48152
48202
48228
48265
48357
48378
48406
48451
48455
48481
48493
48505
48537
48547
48563
48652
48695
48739
48863
48934
48957
48969
49044
49046
49097
49113
49117
49148
49161
49172
49210
49215
49218
49232
49245
49268
49280
49311
49325
49342
49365
49410
49434
49444
49446
49459
49465
49466
49503
49599
49612
49613
49631
49639
49660
49744
49756
49771
49821
49837
49858
49876
49893
49911
49941
49943
49969
50010
50034
50053
50098
50113
50161
50172
50192
50221
50222
50229
50267
50277
50282
50285
50348
50371
50386
50460
50470
50483
50541
50554
50561
50601
50638
50680
50725
50729
50729
50773
50783
50816
50816
50873
50880
50904
50948
50973
51006
51017
51066
51067
51072
51102
51122
51249
51309
51345
51405
51467
51468
51482
51500
51507
51533
51546
51591
51625
51656
51709
51727
51749
51786
51800
51801
51821
51848
51856
51864
51921
51981
51984
51986
52008
52014
52065
52067
52094
52135
52149
52163
52188
52206
52211
52212
52247
52293
52377
52400
52411
52519
52547
52550
52556
52566
52611
52668
52671
52673
52674
52726
52734
52742
52756
52829
52869
52910
52916
52929
52993
53029
53060
53087
53091
53113
53137
53288
53337
53347
53418
53427
53434
53486
53503
53519
53555
53580
53583
53587
53589
53592
53609
53611
53633
53664
53673
53676
53696
53736
53742
53763
53826
53852
53856
53871
53898
53930
53938
53945
53961
54020
54025
54046
54054
54120
54155
54175
54178
54192
54208
54224
54254
54305
54390
54394
54495
54627
54644
54645
54648
54652
54666
54672
54703
54763
54807
54826
54834
54841
54843
54911
54948
54999
55031
55045
55051
55088
55097
55107
55109
55140
55165
55178
55198
55215
55219
55246
55267
55282
55349
55406
55505
55510
55518
55562
55596
55599
55618
55749
55750
55804
55839
55845
55920
55956
55970
55971
55982
55988
56007
56014
56032
56160
56180
56189
56191
56237
56242
56254
56255
56298
56319
56375
56404
56451
56461
56572
56603
56609
56623
56636
56685
56695
56706
56738
56764
56782
56786
56790
56801
56841
56873
56885
56903
56915
56940
56945
56947
56965
57014
57023
57037
57071
57078
57099
57154
57160
57165
57177
57218
57239
57283
57314
57320
57324
57365
57373
57403
57417
57429
57453
57454
57569
57616
57631
57636
57655
57717
57813
57819
57840
57879
57921
57945
57946
57956
57969
57983
57998
57999
58049
58112
58153
58178
58179
58190
58210
58217
58232
58329
58343
58349
58391
58438
58447
58509
58527
58560
58582
58604
58610
58621
58624
58669
58690
58704
58746
58746
58762
58769
58792
58864
58937
58950
58952
58963
58968
58982
59016
59028
59038
59041
59109
59143
59147
59153
59168
59183
59197
59245
59246
59327
59336
59337
59342
59349
59368
59376
59436
59466
59507
59536
59541
59591
59606
59614
59752
59762
59784
59795
59811
59817
59856
59880
59937
59957
59999
60002
60060
60083
60098
60116
60143
60156
60176
60199
60200
60207
60272
60305
60311
60319
60321
60323
60390
60391
60398
60403
60403
60413
60423
60489
60501
60552
60555
60608
60614
60628
60630
60632
60656
60660
60698
60710
60717
60723
60804
60813
60974
61023
61049
61061
61096
61105
61117
61129
61165
61174
61193
61206
61239
61241
61242
61257
61293
61348
61396
61405
61445
61465
61487
61512
61515
61527
61538
61540
61589
61611
61659
61715
61790
61800
61841
61882
61909
61909
61910
61918
61925
61941
61944
62022
62093
62162
62176
62199
62241
62285
62307
62353
62420
62436
62441
62449
62481
62491
62514
62561
62606
62606
62631
62640
62650
62708
62712
62741
62752
62774
62797
62800
62806
62811
62879
62880
62881
62897
62912
62926
62963
62964
62975
63008
63052
63083
63121
63186
63188
63210
63224
63232
63462
63473
63543
63565
63589
63589
63599
63607
63625
63637
63661
63673
63732
63748
63757
63777
63777
63800
63868
63908
63998
64009
64021
64039
64100
64105
64194
64197
64206
64212
64229
64263
64268
64292
64374
64397
64398
64403
64418
64476
64488
64524
64548
64583
64603
64614
64627
64643
64683
64753
64764
64780
64815
64916
64929
64951
65064
65071
65081
65131
65180
65314
65373
65382
65408
65415
65439
65454
65493
65524
65531
